throughput: 146.57, latency: 6.821243ms
throughput: 144.67, latency: 6.911223ms
throughput: 138.83, latency: 7.201227ms
